0 0.046875 0.02421875 0.07109375 0.04765625
0 0.31484375 0.04453125 0.07421875 0.0890625
0 0.4171875 0.05078125 0.065625 0.1
0 0.578125 0.17890625 0.078125 0.14609375
0 0.5390625 0.23203125 0.09140625 0.16953125
0 0.92578125 0.31171875 0.09375 0.16796875
0 0.8140625 0.1734375 0.0828125 0.1484375
0 0.77421875 0.440625 0.10703125 0.1828125
0 0.671875 0.11796875 0.08828125 0.16484375
0 0.125 0.6546875 0.24921875 0.43359375
0 0.25703125 0.14609375 0.09375 0.1640625
0 0.34296875 0.1484375 0.09609375 0.19609375
0 0.4828125 0.3984375 0.10546875 0.2078125