0 0.9546875 0.02421875 0.071875 0.0484375
0 0.684375 0.0453125 0.07421875 0.090625
0 0.58203125 0.0515625 0.06640625 0.10078125
0 0.41953125 0.18125 0.07890625 0.146875
0 0.459375 0.234375 0.09140625 0.1703125
0 0.07109375 0.31484375 0.09375 0.16875
0 0.1828125 0.17578125 0.0828125 0.14921875
0 0.2234375 0.44453125 0.1078125 0.18359375
0 0.32578125 0.11953125 0.0890625 0.16640625
0 0.875 0.659375 0.25 0.4359375
0 0.7421875 0.14765625 0.09453125 0.16484375
0 0.65625 0.15 0.096875 0.19765625
0 0.515625 0.4015625 0.10546875 0.209375