0 0.92734375 0.46484375 0.1453125 0.34453125
0 0.83671875 0.5609375 0.15703125 0.3
0 0.91328125 0.196875 0.1734375 0.25
0 0.7390625 0.13515625 0.14609375 0.25390625
0 0.6203125 0.54765625 0.17265625 0.29375
0 0.525 0.446875 0.1453125 0.2703125
0 0.45859375 0.14609375 0.121875 0.2328125
0 0.371875 0.13828125 0.10859375 0.178125
0 0.325 0.53125 0.15859375 0.2671875
0 0.28046875 0.1234375 0.10234375 0.18515625
0 0.1484375 0.11640625 0.1296875 0.2296875
0 0.034375 0.11796875 0.06796875 0.2359375
0 0.0953125 0.45625 0.153125 0.24609375