0 0.0765625 0.47265625 0.153125 0.32734375
0 0.1703125 0.5640625 0.14921875 0.28515625
0 0.09765625 0.21953125 0.16328125 0.23828125
0 0.26328125 0.16015625 0.13828125 0.24140625
0 0.37578125 0.5515625 0.16328125 0.27890625
0 0.465625 0.45625 0.1375 0.25703125
0 0.52890625 0.1703125 0.115625 0.22109375
0 0.6109375 0.16328125 0.103125 0.16953125
0 0.65546875 0.5359375 0.15 0.25390625
0 0.69765625 0.14921875 0.096875 0.17578125
0 0.82265625 0.1421875 0.12265625 0.21796875
0 0.94921875 0.13984375 0.10078125 0.23203125
0 0.8734375 0.46484375 0.14453125 0.23359375