0 0.97578125 0.13203125 0.0484375 0.11953125
0 0.103125 0.13984375 0.0875 0.22109375
0 0.9421875 0.171875 0.090625 0.17578125
0 0.51328125 0.2578125 0.0859375 0.19453125
0 0.896875 0.315625 0.09453125 0.19296875
0 0.3609375 0.3265625 0.09765625 0.209375
0 0.72265625 0.3421875 0.10546875 0.2015625
0 0.175 0.0265625 0.05625 0.05234375
0 0.0671875 0.4984375 0.10234375 0.24140625
0 0.84609375 0.6234375 0.07578125 0.18984375
0 0.48515625 0.6390625 0.09765625 0.22109375
0 0.88515625 0.7046875 0.0953125 0.2125
0 0.428125 0.74375 0.11484375 0.22890625
0 0.95625 0.815625 0.0875 0.246875
0 0.75 0.0734375 0.0828125 0.146875
0 0.5125 0.0765625 0.090625 0.15234375
0 0.34609375 0.07890625 0.084375 0.1578125
0 0.62578125 0.88203125 0.1109375 0.20234375
0 0.24921875 0.08125 0.0859375 0.16171875