0 0.99375 0.12734375 0.0125 0.12890625
0 0.075 0.13515625 0.09453125 0.2375
0 0.9640625 0.16953125 0.071875 0.1890625
0 0.515625 0.26171875 0.09296875 0.209375
0 0.928125 0.32421875 0.1015625 0.2078125
0 0.35234375 0.3359375 0.1046875 0.225
0 0.74140625 0.35234375 0.1140625 0.21640625
0 0.15234375 0.02109375 0.06015625 0.04140625
0 0.04609375 0.5203125 0.09140625 0.259375
0 0.8734375 0.6546875 0.08125 0.2046875
0 0.4859375 0.671875 0.1046875 0.2375
0 0.915625 0.7421875 0.10234375 0.22890625
0 0.425 0.78359375 0.1234375 0.24609375
0 0.97265625 0.86171875 0.0546875 0.26484375
0 0.77109375 0.07109375 0.0890625 0.1421875
0 0.51484375 0.07421875 0.09765625 0.1484375
0 0.33671875 0.07734375 0.090625 0.1546875
0 0.63671875 0.91171875 0.11953125 0.17578125
0 0.23203125 0.0796875 0.09296875 0.15859375