0 0.39140625 0.16328125 0.08515625 0.18359375
0 0.13125 0.17265625 0.071875 0.14765625
0 0.63671875 0.20703125 0.05 0.1078125
0 0.68515625 0.22890625 0.0859375 0.1890625
0 0.87890625 0.2671875 0.103125 0.190625
0 0.19609375 0.31328125 0.08203125 0.2046875
0 0.3609375 0.33984375 0.075 0.16875
0 0.47578125 0.3953125 0.1609375 0.3234375
0 0.3109375 0.4953125 0.09296875 0.2265625
0 0.3390625 0.05859375 0.0421875 0.08046875
0 0.73203125 0.68515625 0.12109375 0.26484375
0 0.49765625 0.0734375 0.03828125 0.0890625
0 0.12265625 0.7859375 0.09921875 0.19375
0 0.54609375 0.09921875 0.07265625 0.1578125