0 0.68984375 0.13828125 0.09453125 0.203125
0 0.96875 0.1484375 0.0625 0.16328125
0 0.41796875 0.18671875 0.05546875 0.11875
0 0.36484375 0.2109375 0.0953125 0.209375
0 0.15078125 0.253125 0.1140625 0.2109375
0 0.90546875 0.30390625 0.090625 0.22734375
0 0.7234375 0.33359375 0.0828125 0.1875
0 0.59609375 0.3953125 0.178125 0.35859375
0 0.77890625 0.50625 0.10234375 0.25078125
0 0.74765625 0.03359375 0.04609375 0.06640625
0 0.3125 0.71640625 0.13359375 0.29375
0 0.571875 0.04375 0.0421875 0.0875
0 0.965625 0.828125 0.06875 0.2140625
0 0.51875 0.07734375 0.08046875 0.15390625