0 0.61484375 0.76328125 0.03828125 0.0671875
0 0.33046875 0.77421875 0.05703125 0.0875
0 0.71015625 0.065625 0.02734375 0.04296875
0 0.9640625 0.7890625 0.034375 0.06875
0 0.4640625 0.79921875 0.028125 0.05703125
0 0.928125 0.8109375 0.03828125 0.065625
0 0.659375 0.8328125 0.03828125 0.065625
0 0.64921875 0.0703125 0.028125 0.0453125
0 0.55625 0.878125 0.04453125 0.07265625
0 0.31953125 0.075 0.025 0.04296875
0 0.72265625 0.07578125 0.02578125 0.0421875
0 0.8609375 0.0765625 0.02265625 0.03515625
0 0.76953125 0.92421875 0.04609375 0.07890625
0 0.8140625 0.08046875 0.02578125 0.03359375
0 0.41640625 0.94765625 0.04296875 0.0703125
0 0.24765625 0.953125 0.04296875 0.078125
0 0.99453125 0.08515625 0.01015625 0.0546875
0 0.92890625 0.97578125 0.0515625 0.0484375
0 0.98125 0.98203125 0.0375 0.0359375
0 0.55078125 0.0875 0.0265625 0.04453125
0 0.4390625 0.08984375 0.02734375 0.04453125
0 0.74609375 0.09140625 0.0265625 0.0421875
0 0.41015625 0.09921875 0.02578125 0.0421875
0 0.3 0.1078125 0.0265625 0.04375
0 0.64296875 0.00625 0.025 0.01171875
0 0.78515625 0.00625 0.02421875 0.0125
0 0.68828125 0.12109375 0.025 0.0453125
0 0.50859375 0.12421875 0.02890625 0.0421875
0 0.753125 0.12734375 0.025 0.03671875
0 0.26484375 0.1328125 0.025 0.03984375
0 0.6578125 0.15 0.02734375 0.0484375
0 0.84453125 0.1515625 0.028125 0.046875
0 0.890625 0.15234375 0.028125 0.0453125
0 0.08671875 0.15546875 0.0328125 0.04609375
0 0.4625 0.009375 0.021875 0.01875
0 0.975 0.16640625 0.03203125 0.05
0 0.94765625 0.1671875 0.028125 0.053125
0 0.63671875 0.17421875 0.028125 0.04765625
0 0.365625 0.01171875 0.025 0.0234375
0 0.08359375 0.18515625 0.028125 0.0484375
0 0.72421875 0.18984375 0.02890625 0.05
0 0.3265625 0.190625 0.03046875 0.0515625
0 0.40390625 0.190625 0.0296875 0.0484375
0 0.87421875 0.20859375 0.0296875 0.0484375
0 0.51640625 0.221875 0.03125 0.05390625
0 0.553125 0.015625 0.025 0.03125
0 0.79140625 0.2234375 0.03125 0.0546875
0 0.246875 0.22421875 0.02890625 0.04453125
0 0.34921875 0.23203125 0.028125 0.0578125
0 0.2140625 0.23671875 0.028125 0.05
0 0.98203125 0.015625 0.0234375 0.03125
0 0.3046875 0.25703125 0.03203125 0.05
0 0.92734375 0.2609375 0.0234375 0.03828125
0 0.2234375 0.26875 0.0296875 0.0515625
0 0.86875 0.2703125 0.03125 0.0515625
0 0.1390625 0.27734375 0.0328125 0.0546875
0 0.265625 0.278125 0.03046875 0.0515625
0 0.64609375 0.28203125 0.03125 0.05859375
0 0.57265625 0.28359375 0.03046875 0.05703125
0 0.3734375 0.2859375 0.028125 0.05
0 0.83125 0.29453125 0.0390625 0.0578125
0 0.89609375 0.309375 0.0359375 0.0546875
0 0.94375 0.31015625 0.03671875 0.059375
0 0.4671875 0.3125 0.040625 0.0609375
0 0.5671875 0.3359375 0.0328125 0.05859375
0 0.4921875 0.353125 0.0359375 0.0625
0 0.13046875 0.35859375 0.0359375 0.0578125
0 0.346875 0.3625 0.028125 0.0453125
0 0.43046875 0.36328125 0.0359375 0.05078125
0 0.903125 0.3640625 0.0359375 0.059375
0 0.546875 0.36484375 0.0390625 0.06796875
0 0.16875 0.36875 0.0328125 0.05703125
0 0.68125 0.37265625 0.0359375 0.06015625
0 0.6171875 0.37578125 0.04140625 0.07578125
0 0.88828125 0.02421875 0.0234375 0.04140625
0 0.26171875 0.390625 0.0359375 0.05859375
0 0.75390625 0.39140625 0.040625 0.06171875
0 0.70859375 0.4109375 0.03984375 0.071875
0 0.93359375 0.42421875 0.0375 0.0671875
0 0.43984375 0.42734375 0.03046875 0.053125
0 0.734375 0.44921875 0.040625 0.07421875
0 0.29140625 0.453125 0.0296875 0.040625
0 0.06875 0.4546875 0.0359375 0.0578125
0 0.36796875 0.45625 0.03125 0.05625
0 0.5046875 0.45625 0.028125 0.0484375
0 0.915625 0.46015625 0.04296875 0.0703125
0 0.95 0.0328125 0.02734375 0.040625
0 0.1265625 0.465625 0.04921875 0.0640625
0 0.01328125 0.47109375 0.0265625 0.0640625
0 0.42578125 0.03828125 0.025 0.040625
0 0.60703125 0.51875 0.03125 0.05703125
0 0.28515625 0.53203125 0.0203125 0.03125
0 0.740625 0.534375 0.034375 0.05625
0 0.35703125 0.03984375 0.02421875 0.03984375
0 0.96484375 0.5359375 0.03125 0.0546875
0 0.4625 0.5421875 0.03515625 0.05546875
0 0.71484375 0.5546875 0.034375 0.06171875
0 0.29375 0.56328125 0.03203125 0.05859375
0 0.5828125 0.04375 0.0265625 0.04375
0 0.1078125 0.565625 0.03671875 0.06328125
0 0.48046875 0.58828125 0.034375 0.05859375
0 0.965625 0.6078125 0.03515625 0.0609375
0 0.265625 0.61015625 0.03671875 0.06015625
0 0.38046875 0.62421875 0.0359375 0.06015625
0 0.16171875 0.63125 0.034375 0.0625
0 0.396875 0.05078125 0.02578125 0.04375
0 0.4828125 0.0515625 0.0234375 0.03671875
0 0.6828125 0.053125 0.0234375 0.0375
0 0.91640625 0.053125 0.0296875 0.046875
0 0.8375 0.0546875 0.02578125 0.04609375
0 0.38515625 0.69921875 0.0296875 0.06171875
0 0.0703125 0.7046875 0.034375 0.0546875
0 0.41484375 0.7140625 0.034375 0.0640625
0 0.51796875 0.05859375 0.0234375 0.028125