0 0.4328125 0.7953125 0.040625 0.07109375
0 0.73515625 0.80703125 0.06015625 0.09296875
0 0.33125 0.053125 0.02890625 0.04609375
0 0.0609375 0.82265625 0.03671875 0.07265625
0 0.59296875 0.83359375 0.0296875 0.0609375
0 0.1 0.84609375 0.040625 0.06953125
0 0.38515625 0.86875 0.040625 0.06953125
0 0.39609375 0.0578125 0.0296875 0.0484375
0 0.4953125 0.9171875 0.04765625 0.07734375
0 0.746875 0.06328125 0.0265625 0.04609375
0 0.31796875 0.0640625 0.02734375 0.0453125
0 0.1703125 0.06484375 0.02421875 0.0375
0 0.26796875 0.96171875 0.04921875 0.07578125
0 0.2203125 0.06953125 0.02734375 0.0359375
0 0.64375 0.9765625 0.04609375 0.046875
0 0.82421875 0.97734375 0.0453125 0.0453125
0 0.0171875 0.0734375 0.0328125 0.05859375
0 0.50078125 0.0765625 0.028125 0.04765625
0 0.6203125 0.07890625 0.02890625 0.04765625
0 0.29296875 0.08046875 0.02890625 0.0453125
0 0.65 0.0890625 0.02734375 0.0453125
0 0.76796875 0.09765625 0.02890625 0.046875
0 0.3546875 0.11171875 0.0265625 0.0484375
0 0.5453125 0.11484375 0.03046875 0.0453125
0 0.28515625 0.11875 0.0265625 0.0390625
0 0.8046875 0.12421875 0.0265625 0.04296875
0 0.38671875 0.14296875 0.02890625 0.0515625
0 0.1890625 0.14453125 0.0296875 0.05
0 0.1390625 0.1453125 0.03046875 0.0484375
0 0.9890625 0.14765625 0.021875 0.0484375
0 0.05 0.16015625 0.034375 0.053125
0 0.07890625 0.1609375 0.03046875 0.05625
0 0.409375 0.16875 0.03046875 0.05078125
0 0.6984375 0.00390625 0.0265625 0.0078125
0 0.99140625 0.1796875 0.0171875 0.0515625
0 0.31640625 0.18515625 0.03046875 0.053125
0 0.7390625 0.1859375 0.03203125 0.0546875
0 0.65703125 0.1859375 0.03203125 0.0515625
0 0.15703125 0.20546875 0.03125 0.0515625
0 0.5375 0.21953125 0.0328125 0.05703125
0 0.496875 0.00859375 0.0265625 0.0171875
0 0.24453125 0.22109375 0.03359375 0.0578125
0 0.82421875 0.221875 0.03046875 0.04765625
0 0.715625 0.23046875 0.03046875 0.06171875
0 0.859375 0.23515625 0.03046875 0.053125
0 0.0421875 0.00859375 0.025 0.01640625
0 0.7625 0.25703125 0.034375 0.053125
0 0.10078125 0.2609375 0.025 0.040625
0 0.8484375 0.26953125 0.03125 0.0546875
0 0.1625 0.27109375 0.0328125 0.0546875
0 0.9390625 0.278125 0.03515625 0.05859375
0 0.80390625 0.27890625 0.03203125 0.0546875
0 0.39921875 0.28359375 0.03359375 0.0625
0 0.47734375 0.28515625 0.03203125 0.0609375
0 0.68984375 0.2875 0.03046875 0.053125
0 0.20234375 0.296875 0.04140625 0.06171875
0 0.13359375 0.31171875 0.0375 0.0578125
0 0.0828125 0.31328125 0.0390625 0.06328125
0 0.58984375 0.315625 0.04296875 0.06484375
0 0.48359375 0.340625 0.034375 0.0625
0 0.5625 0.359375 0.0375 0.06640625
0 0.9484375 0.36484375 0.0375 0.06171875
0 0.71796875 0.36875 0.0296875 0.0484375
0 0.62890625 0.36953125 0.03828125 0.05390625
0 0.12578125 0.3703125 0.0375 0.06328125
0 0.50546875 0.37109375 0.04140625 0.071875
0 0.90703125 0.37578125 0.03515625 0.0609375
0 0.36171875 0.3796875 0.0375 0.0640625
0 0.4296875 0.3828125 0.04453125 0.08046875
0 0.1421875 0.015625 0.025 0.03125
0 0.8078125 0.3984375 0.0375 0.0625
0 0.28515625 0.4 0.04296875 0.065625
0 0.33359375 0.4203125 0.0421875 0.0765625
0 0.09296875 0.434375 0.03984375 0.07109375
0 0.61875 0.43828125 0.03203125 0.05625
0 0.30546875 0.4609375 0.04296875 0.07890625
0 0.7765625 0.465625 0.03125 0.04375
0 0.6953125 0.46796875 0.03359375 0.06015625
0 0.55 0.46875 0.03046875 0.0515625
0 0.1125 0.47265625 0.04609375 0.075
0 0.07578125 0.0203125 0.02890625 0.040625
0 0.95234375 0.47890625 0.05234375 0.06796875
0 0.00625 0.49921875 0.01171875 0.05625
0 0.63359375 0.02421875 0.0265625 0.04375
0 0.440625 0.53515625 0.03359375 0.0609375
0 0.78359375 0.54921875 0.021875 0.03359375
0 0.29921875 0.5515625 0.0359375 0.06015625
0 0.70703125 0.02578125 0.02578125 0.04296875
0 0.06015625 0.553125 0.0328125 0.05859375
0 0.5953125 0.559375 0.0375 0.059375
0 0.3265625 0.5734375 0.0359375 0.065625
0 0.77421875 0.5828125 0.034375 0.0625
0 0.46640625 0.0296875 0.028125 0.046875
0 0.97265625 0.58515625 0.0390625 0.0671875
0 0.57578125 0.60859375 0.03671875 0.0625
0 0.06015625 0.6296875 0.0375 0.06484375
0 0.80390625 0.6328125 0.0390625 0.0640625
0 0.68203125 0.646875 0.0375 0.0640625
0 0.91484375 0.65390625 0.03671875 0.06640625
0 0.66484375 0.0375 0.02734375 0.046875
0 0.5734375 0.03828125 0.025 0.0390625
0 0.36015625 0.03984375 0.025 0.03984375
0 0.1125 0.03984375 0.03125 0.05
0 0.19609375 0.0421875 0.02734375 0.04921875
0 0.67734375 0.7265625 0.03203125 0.065625
0 0.6453125 0.74296875 0.0359375 0.06796875
0 0.5359375 0.04609375 0.025 0.0296875