0 0.5546875 0.2765625 0.12734375 0.2921875
0 0.32109375 0.29296875 0.06953125 0.09765625
0 0.6765625 0.296875 0.12734375 0.28046875
0 0.16796875 0.3578125 0.12109375 0.30390625
0 0.06875 0.36953125 0.1375 0.33359375
0 0.83671875 0.37109375 0.05625 0.16484375
0 0.47265625 0.37421875 0.134375 0.30703125
0 0.9109375 0.38828125 0.15390625 0.3484375
0 0.3765625 0.409375 0.0703125 0.12578125
0 0.9796875 0.46875 0.040625 0.2703125
0 0.27578125 0.678125 0.15625 0.3265625
0 0.79453125 0.79453125 0.1890625 0.3875