0 0.3265625 0.18984375 0.0640625 0.0890625
0 0.82265625 0.203125 0.06875 0.1015625
0 0.70234375 0.2046875 0.0453125 0.09765625
0 0.140625 0.2140625 0.07109375 0.07890625
0 0.75 0.22890625 0.0984375 0.17109375
0 0.0828125 0.22890625 0.03984375 0.09453125
0 0.56796875 0.2515625 0.06328125 0.115625
0 0.26015625 0.26484375 0.04765625 0.09609375
0 0.39140625 0.265625 0.06328125 0.09453125
0 0.928125 0.2703125 0.10625 0.190625
0 0.484375 0.2875 0.11796875 0.25703125
0 0.815625 0.2984375 0.06640625 0.0859375
0 0.62734375 0.303125 0.0609375 0.12421875
0 0.834375 0.03125 0.059375 0.0625
0 0.31015625 0.365625 0.06640625 0.12578125
0 0.3109375 0.0390625 0.05390625 0.075
0 0.68203125 0.40625 0.10078125 0.19765625
0 0.21171875 0.42109375 0.11484375 0.2515625
0 0.3703125 0.4234375 0.11484375 0.1046875
0 0.06328125 0.4296875 0.12578125 0.25859375
0 0.82890625 0.48203125 0.0875 0.1765625
0 0.64453125 0.59296875 0.128125 0.28984375
0 0.359375 0.5953125 0.16015625 0.30625
0 0.15859375 0.6125 0.1109375 0.13828125
0 0.146875 0.0671875 0.08046875 0.12421875
0 0.97421875 0.06875 0.0515625 0.13125
0 0.065625 0.7 0.05703125 0.13125
0 0.459375 0.7203125 0.075 0.11875
0 0.74921875 0.73359375 0.12734375 0.253125
0 0.10078125 0.76171875 0.04453125 0.11328125
0 0.2109375 0.79453125 0.18359375 0.3828125
0 0.95078125 0.79609375 0.08671875 0.09296875
0 0.73515625 0.07890625 0.096875 0.13671875
0 0.4984375 0.08125 0.10390625 0.1625
0 0.62421875 0.08828125 0.10078125 0.1625
0 0.7203125 0.91328125 0.134375 0.13828125
0 0.36484375 0.921875 0.12578125 0.12734375
0 0.2296875 0.09140625 0.08515625 0.16640625
0 0.08203125 0.09140625 0.084375 0.1765625
0 0.85234375 0.11015625 0.0828125 0.15703125
0 0.3453125 0.11953125 0.07578125 0.10703125
0 0.4375 0.1375 0.059375 0.103125