0 0.31796875 0.17890625 0.07265625 0.10078125
0 0.87734375 0.19375 0.07734375 0.11484375
0 0.74140625 0.1953125 0.0515625 0.1109375
0 0.10859375 0.20625 0.08046875 0.0890625
0 0.79453125 0.2234375 0.11015625 0.19375
0 0.04375 0.2234375 0.04453125 0.10703125
0 0.58984375 0.24921875 0.07109375 0.13046875
0 0.24296875 0.2640625 0.05390625 0.10859375
0 0.390625 0.26484375 0.07109375 0.10703125
0 0.9671875 0.26875 0.065625 0.215625
0 0.4953125 0.28984375 0.1328125 0.290625
0 0.86875 0.3015625 0.075 0.096875
0 0.65625 0.30703125 0.06875 0.140625
0 0.88984375 0.01796875 0.0671875 0.0359375
0 0.29921875 0.37734375 0.075 0.1421875
0 0.3 0.02578125 0.06015625 0.0515625
0 0.71875 0.42421875 0.11328125 0.2234375
0 0.18828125 0.440625 0.12890625 0.284375
0 0.3671875 0.44296875 0.12890625 0.11875
0 0.04609375 0.45078125 0.0921875 0.2921875
0 0.88359375 0.50859375 0.0984375 0.19921875
0 0.6765625 0.634375 0.14453125 0.328125
0 0.3546875 0.6375 0.18046875 0.34609375
0 0.128125 0.65703125 0.125 0.15625
0 0.11484375 0.05546875 0.090625 0.1109375
0 0.028125 0.75625 0.05625 0.1484375
0 0.4671875 0.77890625 0.084375 0.134375
0 0.79375 0.79375 0.14375 0.28671875
0 0.06328125 0.825 0.05 0.128125
0 0.1875 0.82265625 0.20625 0.3546875
0 0.9859375 0.86484375 0.02734375 0.1046875
0 0.778125 0.06484375 0.109375 0.1296875
0 0.5109375 0.07421875 0.1171875 0.1484375
0 0.65234375 0.078125 0.11328125 0.15625
0 0.7609375 0.959375 0.1515625 0.08125
0 0.36015625 0.9671875 0.1421875 0.06484375
0 0.20859375 0.08125 0.09609375 0.16171875
0 0.04453125 0.08359375 0.0890625 0.1671875
0 0.91015625 0.0890625 0.09375 0.178125
0 0.3390625 0.1 0.08515625 0.1203125
0 0.44296875 0.11953125 0.0671875 0.11640625