0 0.35703125 0.19765625 0.0828125 0.1828125
0 0.47734375 0.2140625 0.0734375 0.18046875
0 0.61015625 0.26953125 0.0828125 0.1890625
0 0.628125 0.01171875 0.03359375 0.0234375
0 0.69921875 0.35625 0.0734375 0.09609375
0 0.21171875 0.0203125 0.03515625 0.040625
0 0.44921875 0.37578125 0.0875 0.20234375
0 0.25625 0.01796875 0.0359375 0.0359375
0 0.14296875 0.02421875 0.0515625 0.0484375
0 0.69296875 0.47265625 0.08984375 0.234375
0 0.56875 0.02578125 0.0375 0.05078125
0 0.8765625 0.5875 0.1296875 0.28046875
0 0.4609375 0.03828125 0.05 0.0765625
0 0.31796875 0.0296875 0.02890625 0.059375
0 0.08984375 0.03046875 0.0390625 0.0609375
0 0.77734375 0.0578125 0.05703125 0.11484375
0 0.34609375 0.07265625 0.03828125 0.08046875
0 0.25546875 0.08828125 0.046875 0.10859375
0 0.8109375 0.09375 0.05859375 0.153125
0 0.18671875 0.10390625 0.0546875 0.1359375
0 0.30234375 0.1109375 0.0375 0.05546875