0 0.34921875 0.165625 0.08671875 0.190625
0 0.475 0.1828125 0.0765625 0.18828125
0 0.6140625 0.23984375 0.08671875 0.196875
0 0.70703125 0.33046875 0.0765625 0.09921875
0 0.44609375 0.35078125 0.09140625 0.21015625
0 0.70078125 0.4515625 0.09375 0.24375
0 0.8921875 0.57109375 0.13515625 0.2921875
0 0.45859375 0.01953125 0.0515625 0.0390625
0 0.309375 0.0109375 0.03046875 0.021875
0 0.0703125 0.0125 0.040625 0.02421875
0 0.78828125 0.03984375 0.059375 0.0796875
0 0.33828125 0.0390625 0.040625 0.07734375
0 0.24453125 0.05390625 0.0484375 0.1078125
0 0.8234375 0.06875 0.0609375 0.1375
0 0.17109375 0.06953125 0.05703125 0.1390625
0 0.29296875 0.075 0.0390625 0.0578125