0 0.31875 0.19296875 0.06015625 0.14453125
0 0.26015625 0.19921875 0.0515625 0.140625
0 0.4890625 0.20625 0.03359375 0.0859375
0 0.3984375 0.24765625 0.03125 0.0875
0 0.13359375 0.24921875 0.0640625 0.1390625
0 0.0171875 0.25625 0.034375 0.09375
0 0.0578125 0.2625 0.03984375 0.0921875
0 0.1921875 0.2921875 0.0296875 0.0734375
0 0.63984375 0.31953125 0.0421875 0.0921875
0 0.76328125 0.32109375 0.04140625 0.1
0 0.91171875 0.0828125 0.0953125 0.165625
0 0.5890625 0.09609375 0.08828125 0.1921875
0 0.465625 0.1203125 0.078125 0.17109375