0 0.63984375 0.1921875 0.0578125 0.13984375
0 0.6953125 0.19765625 0.05 0.1359375
0 0.475 0.2046875 0.03203125 0.0828125
0 0.5625 0.2453125 0.0296875 0.084375
0 0.81796875 0.24609375 0.06171875 0.13359375
0 0.93359375 0.25390625 0.0375 0.090625
0 0.890625 0.25859375 0.0390625 0.08828125
0 0.76171875 0.2875 0.02890625 0.07109375
0 0.3296875 0.3140625 0.04140625 0.08828125
0 0.2109375 0.315625 0.03984375 0.09609375
0 0.0671875 0.0828125 0.0921875 0.165625
0 0.37890625 0.0953125 0.08515625 0.190625
0 0.49765625 0.121875 0.075 0.165625