0 0.4359375 0.2390625 0.04296875 0.084375
0 0.634375 0.25 0.02421875 0.04453125
0 0.57109375 0.25 0.02578125 0.03828125
0 0.75703125 0.26484375 0.009375 0.02421875
0 0.365625 0.26640625 0.01015625 0.02109375
0 0.3328125 0.26796875 0.04296875 0.0703125
0 0.6921875 0.2703125 0.05 0.09140625
0 0.83828125 0.271875 0.00703125 0.015625
0 0.88203125 0.275 0.01640625 0.03359375
0 0.8546875 0.27578125 0.00703125 0.0109375
0 0.3921875 0.278125 0.009375 0.01796875
0 0.77265625 0.2828125 0.0234375 0.04609375
0 0.52734375 0.28828125 0.01328125 0.03828125
0 0.284375 0.3015625 0.03125 0.0828125
0 0.58359375 0.453125 0.046875 0.06875
0 0.13671875 0.1140625 0.08828125 0.17265625