0 0.54453125 0.18515625 0.04453125 0.08828125
0 0.33671875 0.19609375 0.02578125 0.04609375
0 0.40390625 0.19609375 0.0265625 0.03984375
0 0.20859375 0.21171875 0.009375 0.02578125
0 0.61796875 0.21328125 0.0109375 0.02265625
0 0.65234375 0.21484375 0.04453125 0.0734375
0 0.2765625 0.21796875 0.05234375 0.09609375
0 0.1234375 0.21953125 0.0078125 0.01640625
0 0.078125 0.22265625 0.0171875 0.03515625
0 0.10625 0.2234375 0.0078125 0.0109375
0 0.58984375 0.22578125 0.009375 0.01953125
0 0.1921875 0.23046875 0.02421875 0.0484375
0 0.44921875 0.23671875 0.0140625 0.03984375
0 0.703125 0.25 0.0328125 0.08671875
0 0.38984375 0.409375 0.04921875 0.071875
0 0.85703125 0.071875 0.0921875 0.14375