0 0.06640625 0.27890625 0.0125 0.02265625
0 0.11328125 0.28359375 0.0203125 0.03515625
0 0.00859375 0.2859375 0.0140625 0.02421875
0 0.2515625 0.2921875 0.03046875 0.071875
0 0.31484375 0.3109375 0.02890625 0.05859375
0 0.0078125 0.31640625 0.015625 0.0328125
0 0.078125 0.325 0.0171875 0.04140625
0 0.096875 0.33046875 0.0265625 0.065625
0 0.446875 0.33125 0.02265625 0.0640625
0 0.29453125 0.35 0.0203125 0.04453125
0 0.65390625 0.36328125 0.0390625 0.0859375
0 0.18203125 0.371875 0.103125 0.20546875
0 0.39453125 0.3859375 0.071875 0.18984375
0 0.025 0.39765625 0.05 0.12265625
0 0.32109375 0.42109375 0.0640625 0.13828125
0 0.590625 0.42734375 0.06640625 0.13515625
0 0.6984375 0.446875 0.065625 0.14453125
0 0.05546875 0.5 0.0859375 0.13984375
0 0.88671875 0.55703125 0.184375 0.45234375
0 0.4671875 0.5703125 0.1046875 0.2328125
0 0.97265625 0.66875 0.0546875 0.28984375