0 0.959375 0.2796875 0.0125 0.021875
0 0.9125 0.28515625 0.0203125 0.03515625
0 0.775 0.29375 0.03046875 0.07109375
0 0.71171875 0.3125 0.028125 0.05859375
0 0.946875 0.32578125 0.0171875 0.04140625
0 0.92890625 0.33125 0.0265625 0.06484375
0 0.58046875 0.33203125 0.021875 0.06328125
0 0.73203125 0.3515625 0.0203125 0.04453125
0 0.37421875 0.3640625 0.0390625 0.08515625
0 0.84375 0.37265625 0.10234375 0.20390625
0 0.6328125 0.38671875 0.07109375 0.18828125
0 0.9875 0.39765625 0.025 0.121875
0 0.70546875 0.421875 0.0640625 0.1375
0 0.4375 0.428125 0.065625 0.134375
0 0.33046875 0.446875 0.06484375 0.14375
0 0.96328125 0.5 0.07265625 0.1390625
0 0.14296875 0.55703125 0.18359375 0.44921875
0 0.56015625 0.56953125 0.10390625 0.23125
0 0.04765625 0.66796875 0.07421875 0.28828125