0 0.1265625 0.20703125 0.053125 0.10703125
0 0.76328125 0.3546875 0.09375 0.24609375
0 0.4796875 0.3828125 0.16328125 0.40703125
0 0.36171875 0.39140625 0.11328125 0.35859375
0 0.22421875 0.39921875 0.10859375 0.2578125
0 0.04296875 0.4171875 0.0859375 0.28125
0 0.63046875 0.5046875 0.12890625 0.31640625
0 0.21875 0.03046875 0.034375 0.06015625
0 0.8015625 0.60546875 0.14765625 0.37734375
0 0.94609375 0.72734375 0.1078125 0.5453125
0 0.25078125 0.9 0.17578125 0.19921875
0 0.28046875 0.0703125 0.0234375 0.06015625
0 0.59921875 0.07890625 0.0375 0.06875
0 0.3453125 0.1015625 0.0734375 0.159375
0 0.4234375 0.1109375 0.03515625 0.084375
0 0.06328125 0.1421875 0.0859375 0.19921875