0 0.8609375 0.1609375 0.05390625 0.10703125
0 0.21953125 0.309375 0.09453125 0.246875
0 0.50546875 0.33828125 0.1640625 0.40859375
0 0.62421875 0.34609375 0.1140625 0.36015625
0 0.7625 0.35390625 0.109375 0.259375
0 0.9515625 0.3734375 0.096875 0.28125
0 0.35390625 0.46015625 0.13046875 0.31796875
0 0.76796875 0.00703125 0.034375 0.0140625
0 0.18125 0.56171875 0.1484375 0.37890625
0 0.0453125 0.69140625 0.08984375 0.5609375
0 0.73515625 0.878125 0.1765625 0.24375
0 0.70625 0.02734375 0.02421875 0.0546875
0 0.38515625 0.03359375 0.0375 0.0671875
0 0.640625 0.06796875 0.07421875 0.1359375
0 0.5625 0.06484375 0.03515625 0.08515625
0 0.925 0.0984375 0.08671875 0.19609375