0 0.51484375 0.33828125 0.24453125 0.45546875
0 0.78828125 0.39453125 0.209375 0.3015625
0 0.04375 0.43671875 0.08671875 0.1296875
0 0.40546875 0.440625 0.04453125 0.12890625
0 0.21640625 0.44453125 0.0859375 0.19765625
0 0.8953125 0.4484375 0.05859375 0.12578125
0 0.2875 0.45078125 0.13046875 0.22578125
0 0.94609375 0.453125 0.028125 0.075
0 0.67578125 0.45859375 0.03125 0.05703125
0 0.16640625 0.459375 0.03828125 0.10234375
0 0.62421875 0.46328125 0.0453125 0.11640625
0 0.35546875 0.49921875 0.03046875 0.05625
0 0.0390625 0.5765625 0.07734375 0.18203125