0 0.46875 0.3484375 0.23828125 0.44375
0 0.203125 0.403125 0.2046875 0.29375
0 0.92890625 0.44453125 0.08515625 0.1265625
0 0.57578125 0.44765625 0.04375 0.12578125
0 0.76015625 0.4515625 0.08359375 0.1921875
0 0.0984375 0.45546875 0.05703125 0.12265625
0 0.690625 0.4578125 0.12734375 0.21953125
0 0.04921875 0.46015625 0.02734375 0.07265625
0 0.3125 0.465625 0.03046875 0.05546875
0 0.809375 0.46640625 0.03671875 0.1
0 0.36328125 0.46953125 0.04375 0.11328125
0 0.625 0.5046875 0.0296875 0.0546875
0 0.94765625 0.58046875 0.1046875 0.17734375