0 0.8234375 0.165625 0.06953125 0.12890625
0 0.78359375 0.18203125 0.01875 0.06171875
0 0.61484375 0.18671875 0.053125 0.0828125
0 0.41640625 0.19609375 0.0265625 0.053125
0 0.1640625 0.2046875 0.10390625 0.165625
0 0.665625 0.20859375 0.04453125 0.0703125
0 0.53359375 0.2109375 0.05859375 0.096875
0 0.92109375 0.23359375 0.025 0.04765625
0 0.05625 0.253125 0.07890625 0.1609375
0 0.24921875 0.2609375 0.071875 0.11328125
0 0.58828125 0.26953125 0.0640625 0.096875
0 0.7296875 0.28046875 0.034375 0.04765625
0 0.37578125 0.28046875 0.053125 0.0921875