0 0.20703125 0.19609375 0.06484375 0.1203125
0 0.24453125 0.21171875 0.01796875 0.0578125
0 0.40078125 0.21640625 0.04921875 0.07734375
0 0.5859375 0.22421875 0.025 0.04921875
0 0.8203125 0.23203125 0.09609375 0.15390625
0 0.35390625 0.2359375 0.04140625 0.065625
0 0.47734375 0.23828125 0.0546875 0.08984375
0 0.11640625 0.26015625 0.02265625 0.04453125
0 0.9203125 0.27734375 0.0734375 0.15
0 0.74140625 0.28515625 0.0671875 0.10546875
0 0.4265625 0.29296875 0.059375 0.08984375
0 0.29453125 0.303125 0.03203125 0.04453125
0 0.6234375 0.303125 0.04921875 0.0859375