0 0.92109375 0.115625 0.0265625 0.053125
0 0.7453125 0.12109375 0.0453125 0.06875
0 0.8859375 0.12890625 0.028125 0.0578125
0 0.65 0.1296875 0.04296875 0.07265625
0 0.42578125 0.13046875 0.03046875 0.05
0 0.5828125 0.13828125 0.03203125 0.06171875
0 0.68359375 0.1734375 0.046875 0.09140625
0 0.53515625 0.18984375 0.0421875 0.07734375
0 0.60703125 0.19375 0.046875 0.10546875
0 0.4203125 0.0171875 0.021875 0.034375
0 0.54453125 0.025 0.028125 0.05
0 0.64921875 0.3 0.053125 0.06484375
0 0.5625 0.309375 0.053125 0.11875
0 0.509375 0.35390625 0.065625 0.14609375
0 0.49609375 0.03125 0.025 0.03671875
0 0.73671875 0.40078125 0.08125 0.1953125
0 0.6546875 0.4234375 0.08046875 0.190625
0 0.59140625 0.43046875 0.071875 0.11015625
0 0.11640625 0.44609375 0.17734375 0.396875
0 0.55390625 0.53125 0.06875 0.11015625
0 0.43359375 0.61875 0.1625 0.34921875
0 0.46875 0.06484375 0.021875 0.04765625
0 0.83046875 0.70703125 0.1203125 0.28828125
0 0.5515625 0.734375 0.109375 0.32265625
0 0.69375 0.75859375 0.190625 0.35546875
0 0.415625 0.071875 0.01953125 0.04140625
0 0.4390625 0.07734375 0.0265625 0.04765625