0 0.040625 0.0765625 0.028125 0.05625
0 0.2265625 0.0828125 0.04765625 0.07265625
0 0.07734375 0.090625 0.0296875 0.0609375
0 0.3265625 0.0921875 0.0453125 0.0765625
0 0.56328125 0.0921875 0.0328125 0.05234375
0 0.39765625 0.1015625 0.034375 0.06484375
0 0.29140625 0.13828125 0.04921875 0.09609375
0 0.44765625 0.15546875 0.04453125 0.08125
0 0.371875 0.159375 0.04921875 0.1109375
0 0.328125 0.271875 0.05546875 0.06875
0 0.41875 0.28125 0.05546875 0.125
0 0.47578125 0.328125 0.06953125 0.15390625
0 0.23515625 0.378125 0.0859375 0.20625
0 0.321875 0.4015625 0.08515625 0.2015625
0 0.3890625 0.409375 0.07578125 0.11640625
0 0.88984375 0.42578125 0.1875 0.41875
0 0.428125 0.515625 0.07265625 0.11640625
0 0.5546875 0.6078125 0.171875 0.36875
0 0.51796875 0.02421875 0.0234375 0.0484375
0 0.13671875 0.70078125 0.1265625 0.30390625
0 0.43046875 0.7296875 0.11484375 0.33984375
0 0.28046875 0.7546875 0.20078125 0.375
0 0.5734375 0.03046875 0.02109375 0.04375
0 0.54921875 0.0359375 0.028125 0.05