0 0.6921875 0.3140625 0.021875 0.046875
0 0.78125 0.31875 0.021875 0.046875
0 0.67734375 0.34609375 0.021875 0.0546875
0 0.709375 0.359375 0.0234375 0.03828125
0 0.4796875 0.3609375 0.02890625 0.06171875
0 0.4328125 0.365625 0.0359375 0.06640625
0 0.53125 0.36640625 0.0203125 0.04453125
0 0.81875 0.3703125 0.03671875 0.0765625
0 0.31484375 0.3859375 0.02265625 0.0515625
0 0.25078125 0.3890625 0.028125 0.04296875
0 0.3625 0.39375 0.02890625 0.06640625
0 0.97265625 0.39921875 0.05390625 0.17109375
0 0.046875 0.40078125 0.01953125 0.04140625
0 0.03046875 0.4078125 0.025 0.0484375
0 0.078125 0.40859375 0.02734375 0.05
0 0.10546875 0.40859375 0.0296875 0.06015625
0 0.59921875 0.41171875 0.03828125 0.09296875
0 0.13125 0.42109375 0.01953125 0.04140625
0 0.9140625 0.42265625 0.04609375 0.09453125
0 0.29921875 0.43046875 0.04765625 0.08671875
0 0.0125 0.4421875 0.02421875 0.06953125
0 0.45703125 0.4546875 0.046875 0.08828125
0 0.51328125 0.45703125 0.04296875 0.10625
0 0.234375 0.4703125 0.06328125 0.14921875
0 0.02890625 0.478125 0.040625 0.08671875
0 0.6734375 0.48203125 0.06484375 0.14296875
0 0.5578125 0.4828125 0.06015625 0.11484375
0 0.33984375 0.5015625 0.040625 0.09609375
0 0.17578125 0.50859375 0.0890625 0.1890625
0 0.1140625 0.546875 0.0640625 0.109375
0 0.53203125 0.6125 0.1109375 0.21796875
0 0.43359375 0.63359375 0.0546875 0.12421875
0 0.80859375 0.640625 0.209375 0.46015625
0 0.31953125 0.6625 0.1015625 0.20234375