0 0.6984375 0.31640625 0.021875 0.046875
0 0.7890625 0.321875 0.021875 0.046875
0 0.6828125 0.34921875 0.021875 0.05546875
0 0.715625 0.3625 0.0234375 0.0390625
0 0.4828125 0.36484375 0.02890625 0.0625
0 0.43515625 0.36875 0.03671875 0.0671875
0 0.53515625 0.36953125 0.02109375 0.0453125
0 0.8265625 0.3734375 0.0375 0.07734375
0 0.31640625 0.38984375 0.02265625 0.05234375
0 0.25078125 0.3921875 0.028125 0.04375
0 0.3640625 0.39765625 0.02890625 0.0671875
0 0.97734375 0.403125 0.04453125 0.1734375
0 0.04453125 0.4046875 0.0203125 0.0421875
0 0.028125 0.41171875 0.02578125 0.0484375
0 0.0765625 0.4125 0.02734375 0.05078125
0 0.10390625 0.4125 0.0296875 0.0609375
0 0.60390625 0.415625 0.0390625 0.09453125
0 0.13046875 0.425 0.0203125 0.0421875
0 0.92265625 0.4265625 0.04609375 0.09609375
0 0.3 0.434375 0.0484375 0.0875
0 0.0109375 0.44609375 0.021875 0.07109375
0 0.46015625 0.45859375 0.04765625 0.0890625
0 0.5171875 0.4609375 0.04375 0.1078125
0 0.23515625 0.475 0.0640625 0.1515625
0 0.0265625 0.4828125 0.040625 0.0875
0 0.6796875 0.48671875 0.065625 0.14453125
0 0.5625 0.4875 0.0609375 0.11640625
0 0.34140625 0.50703125 0.040625 0.09765625
0 0.175 0.51328125 0.08984375 0.1921875
0 0.1125 0.55234375 0.06484375 0.1109375
0 0.5359375 0.61875 0.11171875 0.2203125
0 0.43671875 0.640625 0.05546875 0.1265625
0 0.81640625 0.64765625 0.2125 0.46640625
0 0.32109375 0.6703125 0.103125 0.20546875