0 0.2453125 0.16640625 0.04765625 0.08828125
0 0.11328125 0.1765625 0.07578125 0.1734375
0 0.53046875 0.23125 0.08125 0.20078125
0 0.7765625 0.23671875 0.09140625 0.2140625
0 0.9046875 0.27265625 0.0921875 0.1921875
0 0.4671875 0.29140625 0.08203125 0.215625
0 0.0328125 0.33046875 0.06484375 0.215625
0 0.84375 0.4046875 0.0765625 0.1734375
0 0.134375 0.4234375 0.06015625 0.12265625
0 0.3875 0.484375 0.07734375 0.1703125
0 0.58125 0.51796875 0.12109375 0.29453125
0 0.68828125 0.5375 0.0859375 0.21796875
0 0.8375 0.596875 0.08125 0.19375
0 0.1390625 0.609375 0.14765625 0.31484375
0 0.40234375 0.6671875 0.08359375 0.215625
0 0.30703125 0.13125 0.07265625 0.16015625