0 0.76171875 0.17578125 0.04609375 0.08515625
0 0.8890625 0.1859375 0.0734375 0.16796875
0 0.4859375 0.23828125 0.078125 0.19375
0 0.2484375 0.24375 0.08828125 0.20703125
0 0.12421875 0.27890625 0.08984375 0.1859375
0 0.54765625 0.296875 0.07890625 0.20859375
0 0.96796875 0.334375 0.0625 0.20859375
0 0.18359375 0.40625 0.07421875 0.16796875
0 0.86953125 0.42421875 0.05859375 0.11875
0 0.62421875 0.48359375 0.075 0.16484375
0 0.4375 0.515625 0.1171875 0.284375
0 0.33359375 0.534375 0.08359375 0.21015625
0 0.1890625 0.5921875 0.078125 0.1875
0 0.86484375 0.6046875 0.14296875 0.30390625
0 0.61015625 0.66015625 0.08125 0.20859375
0 0.70234375 0.14140625 0.0703125 0.1546875