0 0.4625 0.1875 0.096875 0.2078125
0 0.5671875 0.38125 0.03046875 0.09765625
0 0.10390625 0.41796875 0.06640625 0.1609375
0 0.19765625 0.4671875 0.03046875 0.0609375
0 0.6125 0.47890625 0.02265625 0.05234375
0 0.26015625 0.49296875 0.03671875 0.04296875
0 0.646875 0.49375 0.0453125 0.0875
0 0.58515625 0.5140625 0.0296875 0.05234375
0 0.98359375 0.56015625 0.0328125 0.1765625
0 0.86328125 0.56484375 0.03203125 0.059375
0 0.821875 0.603125 0.071875 0.1390625
0 0.6296875 0.728125 0.115625 0.2
0 0.71015625 0.78125 0.10703125 0.20234375
0 0.796875 0.91328125 0.1015625 0.1109375