0 0.45234375 0.2078125 0.096875 0.2078125
0 0.55703125 0.4015625 0.03046875 0.09765625
0 0.09296875 0.43828125 0.06640625 0.1609375
0 0.1875 0.4875 0.03046875 0.0609375
0 0.6015625 0.49921875 0.02265625 0.05234375
0 0.25 0.51328125 0.03671875 0.04296875
0 0.63671875 0.5140625 0.0453125 0.0875
0 0.575 0.534375 0.0296875 0.05234375
0 0.97890625 0.58125 0.0421875 0.17578125
0 0.853125 0.58515625 0.03203125 0.059375
0 0.81171875 0.6234375 0.071875 0.1390625
0 0.61875 0.7484375 0.115625 0.2
0 0.69921875 0.8015625 0.10703125 0.20234375
0 0.7859375 0.93359375 0.1015625 0.1109375