0 0.7984375 0.0953125 0.0546875 0.10390625
0 0.66171875 0.1015625 0.0875 0.1859375
0 0.884375 0.16171875 0.09296875 0.171875
0 0.45078125 0.16171875 0.08125 0.215625
0 0.94140625 0.165625 0.04375 0.10546875
0 0.83203125 0.17265625 0.05234375 0.1421875
0 0.77109375 0.18125 0.08984375 0.18046875
0 0.34375 0.18359375 0.06875 0.20859375
0 0.5078125 0.1921875 0.04453125 0.17421875
0 0.38828125 0.19921875 0.0671875 0.221875
0 0.9671875 0.20703125 0.0296875 0.0984375
0 0.609375 0.23203125 0.0515625 0.1
0 0.68671875 0.23359375 0.0984375 0.2203125
0 0.7078125 0.53046875 0.1125 0.23828125
0 0.2171875 0.0984375 0.1625 0.196875