0 0.21484375 0.1171875 0.0546875 0.103125
0 0.35 0.1234375 0.08671875 0.184375
0 0.1296875 0.1828125 0.0921875 0.1703125
0 0.559375 0.1828125 0.08046875 0.21328125
0 0.0734375 0.18671875 0.04296875 0.10390625
0 0.18203125 0.19375 0.0515625 0.140625
0 0.2421875 0.20234375 0.0890625 0.17890625
0 0.66484375 0.2046875 0.06796875 0.20703125
0 0.50234375 0.21328125 0.04375 0.17265625
0 0.62109375 0.2203125 0.0671875 0.21953125
0 0.0484375 0.228125 0.02890625 0.09765625
0 0.40234375 0.25234375 0.05078125 0.09921875
0 0.325 0.25390625 0.09765625 0.21796875
0 0.3046875 0.5484375 0.11171875 0.2359375
0 0.790625 0.109375 0.1609375 0.21796875