0 0.50390625 0.14609375 0.04296875 0.0734375
0 0.81875 0.15703125 0.06015625 0.1171875
0 0.66875 0.19375 0.05546875 0.11875
0 0.478125 0.2046875 0.0609375 0.10234375
0 0.38671875 0.20703125 0.06796875 0.12734375
0 0.43359375 0.2171875 0.04140625 0.0984375
0 0.23125 0.22734375 0.0703125 0.11484375
0 0.14453125 0.22890625 0.0609375 0.09921875
0 0.83984375 0.2296875 0.053125 0.0984375
0 0.503125 0.24921875 0.06171875 0.13671875
0 0.0109375 0.26171875 0.021875 0.1234375
0 0.80625 0.3109375 0.08515625 0.18515625
0 0.57265625 0.325 0.08984375 0.1640625
0 0.70390625 0.35234375 0.1078125 0.2015625
0 0.94296875 0.41484375 0.11328125 0.25546875
0 0.88203125 0.421875 0.0640625 0.16171875
0 0.034375 0.1015625 0.021875 0.0375