0 0.51015625 0.15234375 0.04140625 0.0703125
0 0.81484375 0.16328125 0.05859375 0.11328125
0 0.6703125 0.1984375 0.05390625 0.11484375
0 0.4859375 0.209375 0.059375 0.0984375
0 0.39765625 0.21171875 0.06640625 0.12265625
0 0.44296875 0.221875 0.03984375 0.09453125
0 0.246875 0.23125 0.06796875 0.1109375
0 0.16328125 0.23359375 0.059375 0.09609375
0 0.83515625 0.234375 0.0515625 0.09453125
0 0.51015625 0.25234375 0.06015625 0.13203125
0 0.02265625 0.265625 0.0453125 0.1203125
0 0.803125 0.31171875 0.0828125 0.17890625
0 0.57734375 0.32578125 0.08671875 0.15859375
0 0.7046875 0.35234375 0.1046875 0.19453125
0 0.940625 0.4125 0.11875 0.246875
0 0.87578125 0.41953125 0.06171875 0.15625
0 0.05625 0.11015625 0.02109375 0.0359375