0 0.70625 0.0765625 0.075 0.153125
0 0.78046875 0.0921875 0.06171875 0.115625
0 0.13046875 0.096875 0.07578125 0.1546875
0 0.26796875 0.11015625 0.0765625 0.16328125
0 0.06328125 0.11953125 0.0734375 0.16015625
0 0.9890625 0.12265625 0.021875 0.1890625
0 0.2109375 0.12890625 0.05703125 0.10625
0 0.17578125 0.12890625 0.025 0.07109375
0 0.53046875 0.13125 0.06875 0.1515625
0 0.4734375 0.14140625 0.0671875 0.16953125
0 0.58671875 0.1453125 0.065625 0.1328125
0 0.65625 0.15390625 0.06484375 0.140625
0 0.72734375 0.18046875 0.09296875 0.15859375
0 0.42890625 0.1859375 0.05 0.128125
0 0.91953125 0.1875 0.08671875 0.17890625
0 0.32578125 0.221875 0.10078125 0.221875
0 0.38671875 0.23203125 0.059375 0.134375
0 0.61875 0.403125 0.10078125 0.17109375