0 0.38203125 0.1609375 0.075 0.15703125
0 0.3078125 0.178125 0.06171875 0.115625
0 0.9578125 0.18203125 0.07578125 0.1546875
0 0.8203125 0.1953125 0.0765625 0.16328125
0 0.06875 0.20859375 0.0828125 0.18984375
0 0.87734375 0.2140625 0.05703125 0.10625
0 0.9125 0.2140625 0.025 0.07109375
0 0.5578125 0.21640625 0.06875 0.1515625
0 0.61484375 0.22734375 0.0671875 0.16953125
0 0.5015625 0.23125 0.065625 0.1328125
0 0.43203125 0.23984375 0.06484375 0.140625
0 0.3609375 0.265625 0.09296875 0.15859375
0 0.659375 0.27109375 0.05 0.128125
0 0.16875 0.27265625 0.08671875 0.17890625
0 0.7625 0.30703125 0.10078125 0.221875
0 0.7015625 0.3171875 0.059375 0.134375
0 0.46953125 0.4890625 0.10078125 0.17109375