0 0.88046875 0.115625 0.0421875 0.09453125
0 0.659375 0.12109375 0.0734375 0.12890625
0 0.11171875 0.1703125 0.05078125 0.10625
0 0.715625 0.17265625 0.03828125 0.07109375
0 0.984375 0.17734375 0.03046875 0.18046875
0 0.5703125 0.18046875 0.03671875 0.07421875
0 0.01484375 0.2078125 0.0296875 0.13203125
0 0.4796875 0.24140625 0.0515625 0.103125
0 0.7890625 0.2828125 0.096875 0.18515625
0 0.4328125 0.30859375 0.04375 0.13046875
0 0.19140625 0.3125 0.0796875 0.18359375
0 0.34765625 0.390625 0.2046875 0.40390625
0 0.12890625 0.415625 0.12578125 0.25078125
0 0.63671875 0.41796875 0.13046875 0.26171875
0 0.8015625 0.025 0.034375 0.05
0 0.528125 0.04375 0.0375 0.07265625
0 0.790625 0.0875 0.03671875 0.07421875
0 0.19140625 0.09375 0.07265625 0.14140625
0 0.296875 0.09453125 0.0765625 0.1