0 0.8546875 0.1515625 0.0421875 0.09453125
0 0.6328125 0.15703125 0.07421875 0.1296875
0 0.08203125 0.20625 0.05078125 0.10703125
0 0.6890625 0.20859375 0.0390625 0.071875
0 0.971875 0.21328125 0.05625 0.18203125
0 0.54375 0.21640625 0.03671875 0.075
0 0.4515625 0.278125 0.0515625 0.10390625
0 0.76328125 0.31953125 0.096875 0.18671875
0 0.4046875 0.3453125 0.04375 0.13125
0 0.1625 0.34921875 0.0796875 0.18515625
0 0.31953125 0.428125 0.20546875 0.40703125
0 0.09921875 0.453125 0.1265625 0.25234375
0 0.61015625 0.45546875 0.13046875 0.26328125
0 0.775 0.05546875 0.034375 0.059375
0 0.50078125 0.0796875 0.0375 0.0734375
0 0.76484375 0.1234375 0.03671875 0.075
0 0.1625 0.12890625 0.0734375 0.1421875
0 0.26796875 0.1296875 0.0765625 0.10078125